% demo_read_RFVAR_archived_shapes.m
% Written by Namgyun Lee
% Email: namgyunl@usc.edu, ggang56@gmail.com (preferred)
% Started: 08/22/2019, Last modified: 08/22/2019

%%
%--------------------------------------------------------------------------
%  FREMEX05 frequency-modulated excitation pulse  (12/2004)
%          tip angle to enter for an actual 80 deg tip :  675
%--------------------------------------------------------------------------
am_fremex05 = [
                 319,       358,       463,       543,       637, ...
                 721,       806,       877,       946,       995, ...
                1039,      1063,      1076,      1078,      1072, ...
                1059,      1049,      1043,      1052,      1070, ...
                1110,      1159,      1221,      1285,      1348, ...
                1405,      1451,      1483,      1500,      1502, ...
                1493,      1473,      1454,      1440,      1438, ...
                1460,      1502,      1571,      1653,      1749, ...
                1848,      1938,      2015,      2076,      2114, ...
                2132,      2126,      2108,      2079,      2049, ...
                2027,      2022,      2037,      2076,      2133, ...
                2205,      2279,      2345,      2403,      2436, ...
                2449,      2436,      2404,      2353,      2293, ...
                2232,      2186,      2153,      2152,      2173, ...
                2223,      2288,      2362,      2433,      2495, ...
                2541,      2564,      2568,      2549,      2514, ...
                2471,      2430,      2400,      2398,      2422, ...
                2488,      2586,      2709,      2847,      2986, ...
                3116,      3225,      3303,      3349,      3363, ...
                3348,      3315,      3277,      3250,      3244, ...
                3277,      3351,      3468,      3608,      3764, ...
                3909,      4037,      4126,      4174,      4173, ...
                4128,      4045,      3941,      3828,      3729, ...
                3665,      3644,      3675,      3750,      3859, ...
                3977,      4090,      4178,      4237,      4248, ...
                4222,      4154,      4060,      3951,      3844, ...
                3756,      3712,      3715,      3780,      3895, ...
                4055,      4241,      4431,      4612,      4768, ...
                4889,      4970,      5011,      5016,      5003, ...
                4978,      4974,      5002,      5088,      5232, ...
                5442,      5694,      5977,      6258,      6521, ...
                6740,      6910,      7018,      7071,      7079, ...
                7060,      7037,      7037,      7083,      7188, ...
                7360,      7583,      7843,      8111,      8369, ...
                8583,      8751,      8853,      8898,      8890, ...
                8851,      8803,      8773,      8789,      8874, ...
                9038,      9283,      9598,      9959,     10346, ...
               10729,     11093,     11414,     11695,     11925, ...
               12124,     12304,     12498,     12723,     13019, ...
               13391,     13867,     14419,     15058,     15730, ...
               16423,     17099,     17734,     18301,     18815, ...
               19250,     19654,     20042,     20427,     20896, ...
               21411,     22036,     22744,     23541,     24339, ...
               25171,     25938,     26654,     27233,     27762, ...
               28135,     28437,     28652,     28906,     29098, ...
               29420,     29738,     30181,     30612,     31214, ...
               31432,     32099,     32441,     32577,     32567, ...
               32548,     32445,     32281,     31935,     31636, ...
               31483,     31993,     31963,     31978,     32476, ...
               32602,     32628,     32592,     32479,     32313, ...
               31855,     31240,     30387,     29517,     28600, ...
               27792,     27102,     26635,     26340,     26240, ...
               26224,     26249,     26227,     26038,     25685, ...
               25098,     24283,     23259,     22102,     20844, ...
               19598,     18434,     17443,     16640,     16038, ...
               15605,     15250,     14897,     14469,     13904, ...
               13173,     12264,     11200,     10014,      8775, ...
                7547,      6422,      5489,      4822,      4438, ...
                4282,      4238,      4191,      4074,      3856, ...
                3546,      3192,      2882,      2729,      2813, ...
                3127,      3575,      4055,      4490,      4828, ...
                5043,      5128,      5098,      5009,      4944, ...
                5029,      5381,      6067,      7060,      8281, ...
                9637,     11023,     12370,     13584,     14629, ...
               15439,     16028,     16377,     16589,     16716, ...
               16947,     17389,     18225,     19453,     21110, ...
               23014,     25063,     27059,     28863,     30317, ...
               31414,     31924,     32025,     31723,     31251, ...
               30523,     29940,     29607,     29676,     30129, ...
               30886,     31827,     32673,     32761,     32767, ...
               32701,     32096,     30606,     28867,     26990, ...
               25312,     24145,     23741,     24220,     25379, ...
               27006,     28684,     30334,     31337,     32538, ...
               32645,     32549,     32269,     31999,     31680, ...
               31737,     31774,     32063,     32458,     32673, ...
               32724,     32695,     32456,     31462,     30304, ...
               28735,     27119,     25473,     23971,     22647, ...
               21526,     20497,     19476,     18276,     16817, ...
               15022,     12944,     10736,      8832,      8014, ...
                8991,     11368,     14374,     17458,     20310, ...
               22704,     24496,     25609,     25987,     25660, ...
               24691,     23205,     21397,     19501,     17818, ...
               16638,     16179,     16450,     17251,     18284, ...
               19265,     20001,     20345,     20254,     19717, ...
               18792,     17552,     16153,     14726,     13460, ...
               12503,     11972,     11848,     12034,     12360, ...
               12675,     12856,     12832,     12563,     12050, ...
               11316,     10401,      9365,      8277,      7230, ...
                6317,      5654,      5327,      5353,      5654, ...
                6107,      6599,      7047,      7397,      7620, ...
                7689,      7611,      7382,      7028,      6580, ...
                6098,      5642,      5298,      5137,      5193, ...
                5447,      5817,      6229,      6599,      6876, ...
                7016,      7004,      6830,      6511,      6066, ...
                5543,      4989,      4482,      4096,      3904, ...
                3923,      4112,      4391,      4683,      4927, ...
                5084,      5131,      5065,      4885,      4601, ...
                4234,      3798,      3323,      2825,      2329, ...
                1854,      1415,      1028,       693,       420, ...
                 203,        41,       -70,      -121,      -163
].';
             
